33237 39867
19305 29756 57786
12753
32194
52854 66525
6320 61297 67971 70811
23375 31474 68749
12899 65370
25432 37353
41943 44539 45410
34513 43058 63715
28626 29985 44006
59066 71528
43631 53668 60233
28306 41241 41312 58176
50093 52474
34483 37497 47445 48161

50498
67263 76821
95582

44804 60003 81753
56612 66122
46101 77347
25178
3631 34164 60366
33360 46773 76881
15115 26236
72449 83824
262 7533 19735 48462
29370 61697 86230
16549 27008 48765 63607
64394 65553 78411 93555
50042
25789 43218 54451 85504 89625
8385 34294 58571 97116
9470 22182 74586 85961
23645 25364 54307 72017
26031
18135 26553 69394
9656

41067 59955 81322
62239 90928
49445 65589
26000 34577 77212
84422
32354 42998 44639
6852
47234 85645
31963
21180 37009 50894
27166 54419 83425
71599

10256 44394 58722 77484
34940 53622 75541
48811 59179 71512
43372
49657
41362 66033 71457
30962 73859
44475 54367
14992 33279 47837 53286 84080
21645 50911
43723 50510
57567 60293

51329 68261 91101

5503 82455
33144 64806 70534 84103
39701 71691
63822 74186
42777 59711 86189
36498 44409 59104
31272 49796 66836
82770

52100 63440
2027 14173 48905 49982
74873
32379 52144 60440 96785 97538
48833 73493 74065
51827 68141 87918
47852

74342 77965
27900 55764 74193 79409 90256
3781 53260
54298 59307 97190
56713

5439 19133 26380 32836 96843
32491 74218
52376 69630
33055 39156 71462 82879
9509 16654 68470
61844 70796
