38 47
396 451 453 455 497 498 498 499 500 500 500 500 500 500 500 500 500 500 500 500 500 500 500 500 500 500 500 500 500 500 500 500 500 500 500 500 500 500 
168 309
48 390
28 256
395 461
443 491
438 458
305 454
471 492
358 359
366 440
354 413
270 419
224 242
393 431
312 327
360 419
283 481
407 432
337 474
484 485
404 408
134 237
85 331
481 498
118 347
84 337
264 438
54 254
470 476
37 43
242 340
370 392
451 467
40 450
233 402
336 499
473 475
167 498
435 440
71 173
362 428
49 273
296 363
490 490
268 306
401 471
220 451

18 7
309 434 496 496 496 500 500 500 500 500 500 500 500 500 500 500 500 500 
168 479
33 427
413 496
173 184
420 434
350 352
340 375

49 22
417 495 496 497 497 499 499 499 499 499 499 500 500 500 500 500 500 500 500 500 500 500 500 500 500 500 500 500 500 500 500 500 500 500 500 500 500 500 500 500 500 500 500 500 500 500 500 500 500 
232 344
118 344
460 464
43 234
56 412
45 143
419 437
389 477
403 438
46 449
375 481
367 468
371 465
231 457
20 240
402 429
384 492
308 402
226 270
277 414
434 455
260 444

19 17
71 272 307 366 382 486 491 495 495 497 500 500 500 500 500 500 500 500 500 
485 499
194 253
65 103
322 448
320 402
415 477
351 418
185 240
369 424
188 376
41 362
203 474
412 422
268 279
494 500
448 456
246 438

56 11
475 497 498 499 499 500 500 500 500 500 500 500 500 500 500 500 500 500 500 500 500 500 500 500 500 500 500 500 500 500 500 500 500 500 500 500 500 500 500 500 500 500 500 500 500 500 500 500 500 500 500 500 500 500 500 500 
314 439
481 493
176 306
364 387
278 290
199 367
195 343
328 375
308 335
151 174
354 481

92 19
227 437 485 500 500 500 500 500 500 500 500 500 500 500 500 500 500 500 500 500 500 500 500 500 500 500 500 500 500 500 500 500 500 500 500 500 500 500 500 500 500 500 500 500 500 500 500 500 500 500 500 500 500 500 500 500 500 500 500 500 500 500 500 500 500 500 500 500 500 500 500 500 500 500 500 500 500 500 500 500 500 500 500 500 500 500 500 500 500 500 500 500 
375 448
108 339
339 485
137 473
239 268
141 373
90 325
337 496
105 322
236 395
384 479
460 484
252 490
237 390
53 280
148 389
285 326
306 350
355 492

88 72
492 499 500 500 500 500 500 500 500 500 500 500 500 500 500 500 500 500 500 500 500 500 500 500 500 500 500 500 500 500 500 500 500 500 500 500 500 500 500 500 500 500 500 500 500 500 500 500 500 500 500 500 500 500 500 500 500 500 500 500 500 500 500 500 500 500 500 500 500 500 500 500 500 500 500 500 500 500 500 500 500 500 500 500 500 500 500 500 
369 443
32 463
122 335
321 430
478 489
259 261
67 296
31 35
196 235
357 391
147 150
230 335
53 210
291 296
189 379
461 481
427 448
46 109
448 466
3 150
170 176
317 338
243 496
191 272
338 377
423 498
338 412
481 487
218 289
274 463
42 294
274 348
103 380
23 165
289 354
448 482
378 480
81 487
34 484
293 403
307 368
48 463
258 461
182 264
169 452
245 351
353 395
68 185
427 471
299 368
214 468
310 373
37 404
282 474
20 70
494 496
459 470
45 479
266 349
464 464
313 370
232 369
71 378
347 393
311 426
446 492
467 486
322 439
233 347
42 377
368 377
280 370

49 71
300 331 428 466 494 494 498 500 500 500 500 500 500 500 500 500 500 500 500 500 500 500 500 500 500 500 500 500 500 500 500 500 500 500 500 500 500 500 500 500 500 500 500 500 500 500 500 500 500 
178 369
290 345
131 158
455 478
483 484
428 483
16 159
355 448
53 98
93 402
174 469
249 359
342 344
92 487
214 453
291 428
118 191
406 437
395 425
215 254
233 314
268 419
69 183
469 479
138 377
140 261
440 443
240 353
74 405
123 485
183 441
347 434
188 292
94 379
437 491
137 457
165 410
413 495
7 66
429 455
381 457
438 456
228 300
128 224
25 132
20 77
341 484
120 224
357 389
204 318
308 494
128 155
227 398
285 331
481 493
192 278
446 483
291 291
181 378
199 379
471 492
354 407
99 488
1 280
38 321
67 411
119 129
266 474
460 462
471 495
42 288

65 52
180 475 484 492 496 500 500 500 500 500 500 500 500 500 500 500 500 500 500 500 500 500 500 500 500 500 500 500 500 500 500 500 500 500 500 500 500 500 500 500 500 500 500 500 500 500 500 500 500 500 500 500 500 500 500 500 500 500 500 500 500 500 500 500 500 
167 397
361 391
453 498
37 456
306 376
143 424
73 500
190 376
47 263
417 454
458 484
61 413
461 480
310 385
74 256
133 323
362 442
289 414
99 168
120 386
234 291
244 368
357 445
419 462
195 442
145 433
248 442
277 435
250 295
65 304
135 309
180 362
355 379
308 327
400 481
450 492
368 438
89 428
203 407
405 448
203 348
380 467
27 428
45 82
22 454
123 357
16 418
421 460
86 200
432 433
183 382
375 439

49 29
445 489 492 500 500 500 500 500 500 500 500 500 500 500 500 500 500 500 500 500 500 500 500 500 500 500 500 500 500 500 500 500 500 500 500 500 500 500 500 500 500 500 500 500 500 500 500 500 500 
207 325
82 133
290 346
439 479
224 443
66 97
30 172
322 477
193 228
474 474
53 425
354 426
395 456
444 495
336 465
390 460
319 468
89 154
126 479
131 132
407 489
132 280
24 437
177 293
228 356
206 209
64 86
279 286
394 400

53 76
68 240 491 500 500 500 500 500 500 500 500 500 500 500 500 500 500 500 500 500 500 500 500 500 500 500 500 500 500 500 500 500 500 500 500 500 500 500 500 500 500 500 500 500 500 500 500 500 500 500 500 500 500 
342 448
3 152
299 305
432 477
210 391
239 257
406 430
102 136
176 294
430 496
23 33
319 494
443 488
320 428
162 335
210 255
391 450
377 414
500 500
286 494
430 461
295 329
286 475
227 386
312 336
323 452
125 449
219 280
408 482
226 228
271 463
391 475
461 474
116 481
124 246
75 284
465 487
94 460
394 396
70 427
112 374
172 250
409 433
249 454
147 426
170 208
120 282
426 441
212 313
139 340
404 437
439 452
184 217
35 200
103 189
431 455
337 408
69 483
201 387
384 451
149 481
38 161
354 419
335 439
111 139
384 483
384 476
396 454
428 455
204 370
204 315
140 330
92 202
150 354
119 163
239 343

6 10
369 438 458 487 496 497 
146 386
449 497
212 432
382 428
83 336
330 406
98 314
34 498
430 475
157 263

58 77
38 239 455 499 499 499 499 499 500 500 500 500 500 500 500 500 500 500 500 500 500 500 500 500 500 500 500 500 500 500 500 500 500 500 500 500 500 500 500 500 500 500 500 500 500 500 500 500 500 500 500 500 500 500 500 500 500 500 
410 437
76 303
249 478
250 375
107 196
347 369
370 400
319 441
103 354
78 484
135 395
491 493
13 312
116 117
496 499
230 230
264 436
27 302
66 463
480 496
284 327
235 237
75 225
42 484
478 478
219 426
467 475
448 451
95 217
352 396
302 459
447 471
302 346
116 260
85 320
226 235
260 381
325 390
387 423
94 204
361 484
184 195
100 363
366 500
16 231
136 330
374 416
387 405
328 496
167 453
262 447
6 319
216 326
57 92
468 500
303 463
311 373
386 449
160 371
180 443
312 429
255 343
304 390
440 458
380 458
496 496
478 488
363 424
498 500
287 485
359 406
310 445
191 225
473 496
219 483
102 144
98 147

91 57
437 454 468 497 498 499 500 500 500 500 500 500 500 500 500 500 500 500 500 500 500 500 500 500 500 500 500 500 500 500 500 500 500 500 500 500 500 500 500 500 500 500 500 500 500 500 500 500 500 500 500 500 500 500 500 500 500 500 500 500 500 500 500 500 500 500 500 500 500 500 500 500 500 500 500 500 500 500 500 500 500 500 500 500 500 500 500 500 500 500 500 
133 446
133 481
324 346
491 500
452 490
256 287
318 322
13 386
262 355
347 428
220 306
227 302
321 412
407 468
93 167
312 473
316 444
101 421
280 363
397 446
440 458
362 407
335 462
236 463
181 189
355 450
267 418
173 184
251 397
273 312
416 466
183 407
198 418
402 414
197 261
87 109
278 385
107 109
214 430
462 495
359 441
229 251
371 402
268 312
374 388
175 436
197 199
73 257
215 444
290 335
322 489
92 403
301 456
1 115
348 374
189 204
34 417

10 87
397 451 469 489 492 493 496 496 498 498 
198 225
308 309
170 178
447 484
309 444
338 418
360 439
343 491
254 344
289 336
462 475
187 365
86 448
356 377
331 394
8 149
229 333
168 388
130 377
57 60
10 59
325 484
253 445
352 402
489 499
370 496
91 269
383 391
314 357
238 470
185 409
397 449
302 382
122 430
203 264
447 453
306 384
14 210
323 460
94 465
225 496
248 381
213 244
464 467
192 257
243 327
336 411
44 228
229 357
298 400
35 311
337 481
273 485
233 317
403 485
472 493
494 497
98 356
302 337
120 300
85 355
281 319
491 493
9 72
96 204
160 337
283 328
45 265
185 428
78 250
243 382
421 428
246 432
378 472
459 471
134 482
144 253
402 425
355 397
410 473
468 477
418 420
402 456
58 195
304 446
181 480
424 454

19 92
279 309 451 485 489 491 496 499 499 500 500 500 500 500 500 500 500 500 500 
232 266
217 339
300 325
250 429
344 399
60 500
372 444
227 442
142 491
222 296
172 369
377 488
40 329
92 314
488 498
142 328
438 472
102 304
238 487
213 364
250 255
382 383
341 413
429 451
298 428
67 146
18 369
351 498
355 387
359 456
128 431
426 427
202 255
191 272
451 457
66 148
15 489
245 451
21 180
245 385
58 351
221 426
74 271
500 500
353 372
288 462
136 207
319 464
59 455
429 473
356 391
186 344
370 393
338 455
286 414
42 498
337 378
94 462
117 481
105 203
119 301
400 435
341 435
51 330
445 499
108 220
113 243
57 236
356 458
125 488
340 480
312 339
161 175
267 449
423 491
330 424
203 218
133 291
469 486
368 496
245 309
430 468
116 370
145 238
172 472
345 402
500 500
319 467
421 467
487 490
39 255
209 269

13 27
202 458 469 476 484 489 494 496 500 500 500 500 500 
253 499
149 465
9 466
242 346
141 340
123 414
75 268
307 398
291 341
185 311
89 97
237 446
21 431
172 229
427 462
115 354
450 463
411 442
292 322
45 289
490 500
192 409
229 390
126 470
499 499
59 408
20 175

17 28
454 463 488 492 500 500 500 500 500 500 500 500 500 500 500 500 500 
184 336
333 422
170 435
269 270
93 494
267 484
179 185
129 224
385 483
72 362
381 410
157 424
201 231
445 459
307 448
267 348
294 318
98 152
432 484
455 486
109 186
303 362
81 241
185 186
291 295
32 178
149 468
317 456

20 68
410 437 484 498 498 500 500 500 500 500 500 500 500 500 500 500 500 500 500 500 
317 391
437 471
12 52
389 470
211 217
97 317
25 117
464 489
487 496
128 220
276 453
347 458
289 459
208 395
499 500
114 383
469 472
437 448
86 176
259 292
367 384
380 493
456 460
288 475
441 494
160 378
419 421
406 453
87 401
447 451
109 150
92 359
5 104
454 461
39 91
497 498
454 493
376 379
358 495
155 421
480 487
434 442
375 491
52 162
17 190
337 350
437 461
319 408
454 464
396 466
268 313
355 389
464 480
427 434
17 311
139 498
38 128
279 399
146 496
69 274
405 497
56 137
3 13
9 83
453 470
100 351
333 486
472 484

25 8
17 45 198 386 402 423 451 481 490 493 496 499 499 500 500 500 500 500 500 500 500 500 500 500 500 
470 492
295 324
257 314
358 363
44 326
112 421
23 322
316 405

24 65
119 135 399 478 493 495 497 499 499 499 499 500 500 500 500 500 500 500 500 500 500 500 500 500 
352 432
222 424
38 426
420 488
142 483
135 316
282 385
331 468
332 499
230 399
456 499
226 276
189 273
370 414
112 154
302 363
45 231
6 324
64 347
438 461
437 477
233 311
488 493
230 455
434 472
300 319
458 463
75 325
383 405
256 261
168 290
495 496
76 153
423 498
445 471
314 355
255 390
13 338
131 209
45 108
173 289
233 318
336 384
227 486
50 210
49 397
103 461
318 404
442 464
385 391
192 381
294 434
153 157
319 334
332 337
500 500
439 497
106 447
141 313
494 500
360 404
472 498
430 489
298 393
43 135

50 25
97 286 500 500 500 500 500 500 500 500 500 500 500 500 500 500 500 500 500 500 500 500 500 500 500 500 500 500 500 500 500 500 500 500 500 500 500 500 500 500 500 500 500 500 500 500 500 500 500 500 
155 447
234 454
40 193
390 429
333 380
349 352
296 456
488 497
299 310
317 469
143 318
19 404
207 326
21 114
473 497
441 483
52 441
32 397
312 444
352 382
37 44
248 295
213 312
432 473
52 206

89 30
82 417 458 472 476 479 487 495 499 500 500 500 500 500 500 500 500 500 500 500 500 500 500 500 500 500 500 500 500 500 500 500 500 500 500 500 500 500 500 500 500 500 500 500 500 500 500 500 500 500 500 500 500 500 500 500 500 500 500 500 500 500 500 500 500 500 500 500 500 500 500 500 500 500 500 500 500 500 500 500 500 500 500 500 500 500 500 500 500 
261 268
453 499
459 482
380 494
140 283
93 284
425 480
394 478
219 424
59 236
443 469
487 495
260 355
225 487
125 137
352 380
98 184
84 125
58 314
219 399
108 419
24 476
460 464
466 495
453 489
408 457
379 460
224 341
149 459
476 478

55 96
38 377 386 404 457 468 477 498 499 499 499 499 500 500 500 500 500 500 500 500 500 500 500 500 500 500 500 500 500 500 500 500 500 500 500 500 500 500 500 500 500 500 500 500 500 500 500 500 500 500 500 500 500 500 500 
115 313
435 489
367 492
386 484
270 396
403 478
22 460
453 483
167 377
59 152
381 450
133 307
427 430
125 325
66 75
425 426
153 456
90 116
399 421
326 371
221 292
7 262
139 450
280 416
230 462
243 261
195 301
223 345
86 249
218 289
259 473
282 414
261 458
404 484
413 433
42 59
411 480
357 472
377 423
290 302
152 289
128 252
265 344
477 491
427 430
27 492
496 500
452 455
266 367
452 461
49 462
251 359
315 328
406 488
72 285
20 466
48 461
341 430
427 500
497 500
264 496
176 285
198 476
481 492
252 360
418 452
432 442
153 345
87 247
398 404
58 322
25 134
177 388
185 356
373 449
448 481
304 452
436 495
366 414
124 248
271 341
86 475
26 268
487 493
396 454
186 437
166 407
452 470
394 423
431 435
266 324
203 331
240 377
211 409
431 486
21 313

7 26
200 406 487 498 498 499 500 
234 343
411 451
477 487
160 423
346 458
215 433
402 419
486 496
101 289
124 286
282 423
346 498
268 324
162 266
80 489
410 470
401 447
308 366
460 462
98 254
419 462
433 485
486 496
212 346
452 497
119 313

62 80
253 335 404 414 422 454 500 500 500 500 500 500 500 500 500 500 500 500 500 500 500 500 500 500 500 500 500 500 500 500 500 500 500 500 500 500 500 500 500 500 500 500 500 500 500 500 500 500 500 500 500 500 500 500 500 500 500 500 500 500 500 500 
164 480
440 441
271 409
419 499
131 417
123 284
483 497
219 405
429 441
229 486
1 248
362 417
323 473
217 496
154 276
432 480
370 450
334 496
258 363
359 484
444 444
128 401
431 498
163 426
280 427
14 393
223 263
315 445
354 429
388 441
154 232
369 419
360 493
476 499
457 500
1 389
145 456
205 471
25 38
432 488
155 243
168 478
493 494
351 466
58 309
150 232
447 498
438 485
3 20
132 136
89 281
83 424
436 487
43 362
419 468
487 498
327 376
103 389
314 391
461 470
63 271
132 493
138 434
350 385
229 477
353 382
179 480
280 332
410 485
342 412
26 43
108 232
351 382
19 460
243 401
195 473
77 474
79 141
341 414
27 129

77 27
2 69 183 357 450 481 481 482 490 499 499 500 500 500 500 500 500 500 500 500 500 500 500 500 500 500 500 500 500 500 500 500 500 500 500 500 500 500 500 500 500 500 500 500 500 500 500 500 500 500 500 500 500 500 500 500 500 500 500 500 500 500 500 500 500 500 500 500 500 500 500 500 500 500 500 500 500 
403 478
337 436
133 308
226 420
72 290
370 472
343 359
250 496
438 438
445 487
85 450
90 189
440 484
188 376
380 472
148 395
358 403
247 365
64 417
6 405
430 476
253 332
491 499
100 274
30 421
487 499
251 424

30 50
320 327 464 478 487 493 500 500 500 500 500 500 500 500 500 500 500 500 500 500 500 500 500 500 500 500 500 500 500 500 
375 400
325 396
204 498
306 404
471 492
141 251
400 443
21 367
237 352
163 465
434 497
415 424
494 497
400 486
44 387
340 433
249 454
342 453
57 147
112 492
194 229
79 345
271 281
318 365
316 486
317 474
406 453
316 403
180 461
400 455
350 492
282 439
413 469
446 483
47 398
431 489
150 404
450 483
57 418
428 433
200 321
67 187
60 223
323 375
383 385
272 387
88 413
219 402
450 454
382 455

35 21
122 473 489 495 500 500 500 500 500 500 500 500 500 500 500 500 500 500 500 500 500 500 500 500 500 500 500 500 500 500 500 500 500 500 500 
144 195
169 464
220 450
470 474
437 499
196 216
116 170
276 482
460 486
348 353
239 260
246 491
52 489
364 459
313 320
112 115
172 384
305 305
193 395
78 399
128 133

93 79
99 264 459 485 487 492 492 497 500 500 500 500 500 500 500 500 500 500 500 500 500 500 500 500 500 500 500 500 500 500 500 500 500 500 500 500 500 500 500 500 500 500 500 500 500 500 500 500 500 500 500 500 500 500 500 500 500 500 500 500 500 500 500 500 500 500 500 500 500 500 500 500 500 500 500 500 500 500 500 500 500 500 500 500 500 500 500 500 500 500 500 500 500 
64 360
434 440
459 499
451 473
169 340
476 478
338 401
113 477
359 391
351 364
288 309
102 419
282 500
314 380
360 427
280 345
79 184
172 294
32 130
284 331
242 295
267 451
263 453
240 305
322 401
238 313
450 459
293 479
416 436
293 354
317 396
419 472
362 362
257 408
276 437
350 387
211 408
143 201
157 466
267 423
144 416
149 225
90 465
131 495
169 460
494 498
459 481
432 473
17 367
483 496
490 498
490 497
330 453
17 402
143 299
289 317
420 463
151 162
430 435
118 227
83 401
352 453
226 438
245 451
111 470
406 432
369 454
456 477
424 432
413 427
372 475
32 37
353 378
325 497
126 427
300 459
53 128
329 378
275 418

30 96
271 444 466 476 481 500 500 500 500 500 500 500 500 500 500 500 500 500 500 500 500 500 500 500 500 500 500 500 500 500 
420 498
182 440
357 391
312 430
151 437
409 448
493 498
34 274
199 431
450 482
391 415
88 406
339 381
122 231
46 204
388 486
74 426
496 500
114 483
391 494
259 317
473 498
407 467
206 428
366 372
398 407
15 87
281 281
423 428
85 324
205 388
457 481
263 420
455 458
326 439
103 165
474 486
11 190
27 411
151 331
308 409
284 449
381 392
406 431
144 393
378 451
245 469
371 421
228 359
386 480
434 468
123 278
312 448
173 193
383 393
365 443
210 331
379 469
178 247
270 480
273 353
199 418
126 272
456 480
89 380
110 230
364 415
294 422
217 454
303 439
204 333
309 470
145 402
300 373
244 412
55 337
8 194
476 493
262 351
155 341
39 471
226 361
207 210
117 280
476 491
425 479
101 407
110 166
348 361
208 455
439 483
195 199
296 321
296 417
265 420
43 298

20 93
427 435 448 481 492 495 497 500 500 500 500 500 500 500 500 500 500 500 500 500 
352 433
150 474
132 366
258 394
94 340
345 406
276 424
307 348
248 302
421 469
258 363
496 500
458 480
482 493
139 279
405 405
114 292
42 324
242 305
291 359
227 499
311 352
358 447
113 344
419 425
349 413
374 500
324 496
271 389
100 307
481 499
261 480
218 379
23 405
199 480
465 491
403 472
40 352
195 337
208 334
406 434
421 443
189 385
390 435
469 498
404 426
41 65
240 436
15 326
103 160
235 359
65 315
161 205
244 302
147 152
458 483
476 487
166 181
90 265
463 489
446 495
69 308
219 305
391 492
300 323
358 486
449 484
493 496
259 269
347 399
437 489
300 352
278 487
401 410
115 444
238 459
252 302
316 409
318 395
272 375
483 500
458 478
125 185
157 394
470 498
22 24
131 415
179 331
276 498
207 213
439 474
214 434
179 222

29 71
164 183 497 500 500 500 500 500 500 500 500 500 500 500 500 500 500 500 500 500 500 500 500 500 500 500 500 500 500 
42 406
101 361
313 358
287 428
274 481
54 403
73 274
12 179
476 495
220 284
458 468
305 426
398 433
168 197
496 498
473 491
34 470
161 341
328 384
61 101
322 472
328 476
186 251
393 441
134 365
180 307
397 472
453 456
69 294
235 382
326 397
250 304
459 485
304 477
375 396
14 320
449 487
12 17
374 423
131 178
277 282
5 154
407 410
409 491
448 467
382 477
112 266
264 442
384 481
159 297
23 449
72 447
486 498
67 117
228 362
56 398
162 282
250 325
186 460
458 479
411 451
164 365
480 485
352 494
347 451
11 268
360 452
174 252
154 272
299 396
31 165

16 9
28 38 258 303 432 433 441 480 481 492 497 500 500 500 500 500 
440 499
500 500
232 284
473 487
425 466
373 495
327 442
69 328
140 305

20 33
464 482 490 494 499 500 500 500 500 500 500 500 500 500 500 500 500 500 500 500 
252 298
378 476
416 447
267 305
409 489
36 153
109 336
312 381
42 422
208 371
368 500
245 433
290 436
125 188
78 460
113 373
462 486
344 482
78 96
323 415
87 273
197 468
146 365
238 411
95 374
228 368
263 447
66 278
417 493
342 471
273 438
239 276
429 468

69 45
67 429 473 488 491 495 496 497 498 499 500 500 500 500 500 500 500 500 500 500 500 500 500 500 500 500 500 500 500 500 500 500 500 500 500 500 500 500 500 500 500 500 500 500 500 500 500 500 500 500 500 500 500 500 500 500 500 500 500 500 500 500 500 500 500 500 500 500 500 
7 313
493 494
119 351
96 338
270 282
176 256
395 413
250 385
214 270
52 54
213 400
16 98
135 147
201 379
297 440
385 417
226 306
75 399
218 435
138 156
500 500
209 394
336 405
302 475
403 478
205 321
421 439
40 429
454 456
187 207
487 494
424 481
408 489
124 179
87 278
400 484
224 497
227 403
108 151
176 382
88 250
324 348
16 35
392 416
119 339

18 74
494 494 495 496 500 500 500 500 500 500 500 500 500 500 500 500 500 500 
171 393
308 392
196 363
314 315
277 343
186 439
173 385
395 428
209 464
28 291
18 41
124 216
318 442
269 421
104 346
33 466
118 454
17 42
59 301
408 459
180 271
36 334
113 451
413 421
104 266
17 469
2 87
238 253
198 419
357 422
388 457
315 429
358 366
187 466
297 500
17 289
107 172
328 397
458 475
145 412
409 436
138 393
118 190
98 214
200 450
176 454
141 422
78 172
330 437
475 482
86 398
92 136
492 498
12 200
28 264
308 375
317 347
391 431
169 207
451 457
184 362
198 371
140 390
318 369
493 495
163 376
451 487
133 241
374 418
321 356
256 315
445 461
327 375
204 292

26 81
406 485 487 500 500 500 500 500 500 500 500 500 500 500 500 500 500 500 500 500 500 500 500 500 500 500 
202 383
122 358
117 334
331 418
308 389
138 344
394 479
426 453
126 340
344 479
360 428
134 276
11 338
352 438
86 448
132 497
147 308
249 376
18 443
50 222
44 308
467 480
274 416
307 327
436 447
51 207
411 442
372 462
412 445
10 416
495 496
36 322
155 176
179 265
208 469
318 398
135 372
251 315
167 454
169 397
306 465
171 377
38 466
298 462
272 307
399 481
374 485
128 405
130 246
270 435
8 49
129 185
301 476
148 451
32 49
350 474
336 482
123 147
323 438
49 73
113 440
491 500
82 462
401 475
350 500
118 486
151 236
20 317
52 88
422 431
415 483
180 323
70 389
471 496
23 64
243 352
127 339
62 103
197 268
356 370
462 490

35 85
259 439 495 499 499 500 500 500 500 500 500 500 500 500 500 500 500 500 500 500 500 500 500 500 500 500 500 500 500 500 500 500 500 500 500 
313 428
61 209
172 465
339 361
158 224
101 213
352 458
172 486
492 497
457 473
151 408
433 468
115 312
72 350
441 499
320 372
403 448
344 477
485 498
133 336
217 335
171 302
247 471
454 499
343 413
362 497
405 481
363 483
189 389
94 274
385 387
221 471
218 406
430 453
79 388
395 395
35 489
111 475
414 441
325 373
313 325
300 463
475 492
324 344
166 354
161 228
217 243
4 207
227 262
402 471
350 492
344 415
272 457
31 113
446 497
3 115
16 441
392 406
168 276
420 485
326 405
345 431
237 420
184 376
203 235
367 444
306 396
496 497
39 123
483 494
179 415
434 474
466 489
410 427
423 426
54 57
3 498
351 397
264 388
169 422
385 465
341 395
323 386
229 413
434 456

95 84
455 476 498 500 500 500 500 500 500 500 500 500 500 500 500 500 500 500 500 500 500 500 500 500 500 500 500 500 500 500 500 500 500 500 500 500 500 500 500 500 500 500 500 500 500 500 500 500 500 500 500 500 500 500 500 500 500 500 500 500 500 500 500 500 500 500 500 500 500 500 500 500 500 500 500 500 500 500 500 500 500 500 500 500 500 500 500 500 500 500 500 500 500 500 500 
296 339
269 466
131 321
469 485
447 465
106 126
280 281
118 480
184 341
91 331
269 455
493 494
358 439
375 444
98 307
311 441
114 467
392 455
442 475
205 249
196 281
228 335
288 489
243 268
455 464
425 473
485 487
381 410
466 476
396 438
360 387
413 492
395 408
224 432
264 385
409 441
301 456
7 117
393 492
86 231
7 415
314 441
322 328
372 442
450 498
133 137
149 445
452 472
170 260
157 296
500 500
140 292
191 215
279 414
347 467
77 314
185 433
99 118
2 130
98 355
230 345
255 320
318 467
222 305
480 481
237 337
421 495
295 412
451 500
465 494
229 487
75 317
67 380
193 421
375 493
417 426
133 442
289 396
86 447
36 46
307 444
217 268
306 491
146 212

47 70
220 299 438 460 472 488 498 499 500 500 500 500 500 500 500 500 500 500 500 500 500 500 500 500 500 500 500 500 500 500 500 500 500 500 500 500 500 500 500 500 500 500 500 500 500 500 500 
337 349
112 246
166 332
69 341
200 426
255 456
332 372
465 483
242 379
285 323
318 468
345 429
364 462
407 420
406 409
472 486
9 93
459 475
444 446
346 347
396 453
136 480
416 418
163 222
350 500
110 210
395 409
85 393
257 437
274 377
187 384
88 138
379 406
6 265
16 33
456 472
24 28
389 457
296 330
256 377
218 466
420 486
173 449
94 332
12 421
279 450
198 458
184 355
57 373
100 302
109 167
202 336
64 369
333 365
91 475
105 380
305 345
248 463
179 441
10 221
491 499
452 453
133 428
481 482
161 374
376 475
395 479
402 418
327 460
437 482

20 34
490 500 500 500 500 500 500 500 500 500 500 500 500 500 500 500 500 500 500 500 
33 300
402 445
329 363
246 336
68 77
484 492
478 492
271 307
244 247
449 496
295 348
74 83
174 223
85 337
173 174
251 254
447 453
435 482
341 416
11 334
129 373
119 301
454 499
452 470
438 464
403 432
390 406
277 442
270 389
82 336
358 430
364 487
71 218
277 444

75 38
415 455 470 500 500 500 500 500 500 500 500 500 500 500 500 500 500 500 500 500 500 500 500 500 500 500 500 500 500 500 500 500 500 500 500 500 500 500 500 500 500 500 500 500 500 500 500 500 500 500 500 500 500 500 500 500 500 500 500 500 500 500 500 500 500 500 500 500 500 500 500 500 500 500 500 
450 482
345 461
194 470
57 161
306 418
75 475
337 378
202 211
271 309
278 371
158 345
374 442
89 441
170 299
12 150
392 472
112 295
91 96
323 340
167 468
112 281
37 284
335 492
77 180
73 187
41 144
289 353
206 393
406 484
164 461
97 442
60 219
20 450
427 451
166 422
54 84
339 467
476 480

49 65
214 396 401 473 475 486 494 497 497 497 497 497 497 498 500 500 500 500 500 500 500 500 500 500 500 500 500 500 500 500 500 500 500 500 500 500 500 500 500 500 500 500 500 500 500 500 500 500 500 
432 497
26 214
48 213
58 330
484 496
273 322
384 412
101 221
395 479
75 427
453 482
290 391
447 482
79 216
69 468
2 315
31 193
200 417
345 472
451 460
206 234
12 22
284 325
38 262
239 412
391 445
247 313
77 173
31 437
58 256
404 465
279 484
364 388
286 390
26 148
284 321
1 168
313 329
471 479
417 428
409 439
481 483
7 388
119 225
287 289
136 331
386 434
269 469
280 391
443 456
364 481
229 399
494 500
54 315
262 488
122 244
463 489
208 355
305 461
97 140
68 312
468 482
474 477
494 498
209 277

87 83
191 282 319 372 411 453 459 491 496 499 500 500 500 500 500 500 500 500 500 500 500 500 500 500 500 500 500 500 500 500 500 500 500 500 500 500 500 500 500 500 500 500 500 500 500 500 500 500 500 500 500 500 500 500 500 500 500 500 500 500 500 500 500 500 500 500 500 500 500 500 500 500 500 500 500 500 500 500 500 500 500 500 500 500 500 500 500 
102 259
28 50
55 227
499 499
81 140
395 403
129 150
268 306
366 402
383 435
142 457
199 473
490 495
165 480
185 383
461 482
51 264
21 453
454 486
14 492
174 258
332 357
16 438
471 497
489 500
214 478
217 452
30 153
294 384
118 155
177 400
347 456
191 425
275 313
107 147
325 332
95 99
9 33
422 427
306 360
423 469
243 440
426 478
217 250
109 223
120 160
174 271
277 278
278 475
132 248
404 492
337 462
90 251
49 450
112 256
205 386
417 444
309 492
316 357
290 469
10 315
89 470
93 256
242 434
189 297
419 498
16 327
6 434
31 235
474 474
211 500
370 407
227 449
274 462
14 167
232 260
324 494
470 483
305 437
294 481
53 223
46 270
364 481

59 52
42 120 366 497 498 500 500 500 500 500 500 500 500 500 500 500 500 500 500 500 500 500 500 500 500 500 500 500 500 500 500 500 500 500 500 500 500 500 500 500 500 500 500 500 500 500 500 500 500 500 500 500 500 500 500 500 500 500 500 
307 474
259 260
187 208
30 416
85 130
81 129
353 386
350 394
28 89
143 397
377 380
403 440
230 365
80 306
119 350
10 56
25 422
260 365
198 406
53 395
337 471
57 271
36 158
17 144
136 208
97 225
152 275
278 431
322 454
128 290
447 487
332 481
257 297
230 436
307 400
416 417
354 476
135 243
310 402
190 264
310 356
147 470
465 466
426 455
134 324
146 334
412 442
269 368
421 472
258 281
182 492
293 406

32 12
345 416 481 493 493 494 498 500 500 500 500 500 500 500 500 500 500 500 500 500 500 500 500 500 500 500 500 500 500 500 500 500 
443 447
197 355
99 415
448 461
134 487
448 470
95 179
256 393
408 469
262 316
248 292
260 361

54 44
47 52 466 499 499 499 500 500 500 500 500 500 500 500 500 500 500 500 500 500 500 500 500 500 500 500 500 500 500 500 500 500 500 500 500 500 500 500 500 500 500 500 500 500 500 500 500 500 500 500 500 500 500 500 
318 359
256 317
73 385
45 192
161 231
97 120
63 135
278 403
263 492
493 493
495 495
416 497
459 469
85 153
436 475
181 360
244 336
156 350
468 494
141 329
99 304
22 421
120 451
297 388
395 427
310 361
408 470
78 285
100 315
356 407
406 459
323 401
194 262
421 423
337 462
326 417
262 407
67 343
310 458
318 386
398 483
208 483
93 230
462 499

24 26
33 413 436 468 500 500 500 500 500 500 500 500 500 500 500 500 500 500 500 500 500 500 500 500 
399 472
226 241
368 446
166 313
230 274
441 444
172 452
133 230
366 488
378 385
405 457
19 40
356 437
117 414
231 427
162 178
285 385
469 477
185 233
231 260
337 404
399 456
238 352
243 350
115 133
64 358

16 6
132 452 483 497 498 500 500 500 500 500 500 500 500 500 500 500 
445 451
55 87
79 122
114 216
152 288
44 169

51 22
443 491 497 500 500 500 500 500 500 500 500 500 500 500 500 500 500 500 500 500 500 500 500 500 500 500 500 500 500 500 500 500 500 500 500 500 500 500 500 500 500 500 500 500 500 500 500 500 500 500 500 
154 479
80 398
74 431
127 482
496 496
40 161
207 328
423 464
36 190
133 458
108 447
409 497
469 477
493 495
74 98
364 394
4 378
150 155
411 478
426 437
139 357
241 484

40 13
59 168 373 479 485 487 497 499 500 500 500 500 500 500 500 500 500 500 500 500 500 500 500 500 500 500 500 500 500 500 500 500 500 500 500 500 500 500 500 500 
122 389
146 368
85 100
388 430
137 361
324 370
276 398
485 489
467 482
196 282
224 344
391 424
209 327

88 78
272 298 315 409 472 496 499 500 500 500 500 500 500 500 500 500 500 500 500 500 500 500 500 500 500 500 500 500 500 500 500 500 500 500 500 500 500 500 500 500 500 500 500 500 500 500 500 500 500 500 500 500 500 500 500 500 500 500 500 500 500 500 500 500 500 500 500 500 500 500 500 500 500 500 500 500 500 500 500 500 500 500 500 500 500 500 500 500 
26 170
310 500
445 480
56 193
117 323
357 469
248 309
487 495
425 437
265 495
64 65
178 363
19 439
7 219
24 441
239 260
364 408
50 265
187 191
3 281
190 241
259 359
158 398
333 496
442 469
188 455
253 390
126 403
497 498
280 291
258 354
12 208
173 352
425 484
307 492
166 323
61 244
398 447
85 178
257 415
217 342
3 253
155 215
328 348
335 420
14 376
333 408
90 219
376 401
274 407
301 329
140 484
399 495
231 256
163 229
410 477
428 447
444 489
396 453
455 493
224 485
309 397
263 332
193 288
287 453
305 324
312 364
316 418
468 491
52 185
265 460
206 292
382 443
118 446
380 409
171 306
94 103
478 494

93 41
485 487 489 495 497 497 500 500 500 500 500 500 500 500 500 500 500 500 500 500 500 500 500 500 500 500 500 500 500 500 500 500 500 500 500 500 500 500 500 500 500 500 500 500 500 500 500 500 500 500 500 500 500 500 500 500 500 500 500 500 500 500 500 500 500 500 500 500 500 500 500 500 500 500 500 500 500 500 500 500 500 500 500 500 500 500 500 500 500 500 500 500 500 
366 500
222 358
323 374
287 383
406 418
500 500
482 484
463 479
114 161
410 438
366 420
339 392
84 218
4 377
370 398
123 300
196 237
370 382
167 232
283 474
200 353
356 493
203 302
349 484
484 499
12 221
15 470
378 473
166 450
104 122
272 437
428 471
476 478
494 497
151 300
352 464
470 474
302 315
28 461
160 492
339 366

42 99
36 214 350 500 500 500 500 500 500 500 500 500 500 500 500 500 500 500 500 500 500 500 500 500 500 500 500 500 500 500 500 500 500 500 500 500 500 500 500 500 500 500 
289 450
434 436
449 494
444 445
94 177
459 473
30 191
95 418
267 381
458 462
373 430
12 93
142 333
252 393
341 427
384 498
498 500
122 177
194 436
221 221
390 500
474 488
267 382
66 334
189 296
87 369
459 491
230 419
355 370
118 301
142 436
154 248
193 376
163 435
194 203
331 386
390 423
402 469
359 392
457 481
235 260
112 292
373 484
14 163
379 464
118 426
124 129
161 226
138 195
69 249
280 280
179 447
114 362
285 430
253 351
99 207
209 339
370 443
308 421
82 377
307 369
488 491
482 500
52 381
286 376
101 156
229 390
8 194
86 338
55 371
239 346
23 437
379 431
105 354
184 345
473 499
71 445
19 114
3 164
323 323
224 305
113 375
243 272
95 293
369 376
312 406
164 274
76 411
220 423
429 445
480 487
256 360
301 453
479 494
485 487
429 485
136 215
34 330
253 424

54 88
186 468 496 497 500 500 500 500 500 500 500 500 500 500 500 500 500 500 500 500 500 500 500 500 500 500 500 500 500 500 500 500 500 500 500 500 500 500 500 500 500 500 500 500 500 500 500 500 500 500 500 500 500 500 
450 452
452 488
173 424
101 385
115 254
26 226
245 248
83 345
229 496
191 483
333 355
223 315
8 470
280 288
238 407
377 443
288 337
157 394
430 499
51 315
249 433
63 261
17 141
42 311
465 467
369 423
280 386
430 452
378 389
256 376
81 220
316 479
12 38
147 418
188 197
481 486
22 150
418 454
173 426
336 442
74 322
109 231
467 486
107 380
474 484
151 329
174 406
71 172
141 346
416 462
300 379
323 411
352 422
248 451
206 222
422 471
204 232
303 322
122 261
126 200
145 409
316 409
237 417
490 497
72 99
115 470
376 473
112 301
333 444
177 184
222 341
240 438
446 484
166 498
247 275
261 489
318 329
404 407
360 486
111 215
162 188
183 207
103 304
360 474
201 251
486 494
487 495
381 450

47 77
325 419 451 487 487 498 500 500 500 500 500 500 500 500 500 500 500 500 500 500 500 500 500 500 500 500 500 500 500 500 500 500 500 500 500 500 500 500 500 500 500 500 500 500 500 500 500 
58 434
402 421
449 498
478 479
16 481
486 492
292 452
345 389
164 234
175 348
48 426
177 179
50 441
304 357
364 370
480 500
409 441
322 444
366 426
171 366
166 281
4 221
52 339
85 321
140 458
231 358
35 412
413 499
74 218
224 392
322 334
464 491
89 246
51 489
469 500
8 388
462 469
207 374
463 472
463 492
88 483
363 463
215 252
444 483
23 309
8 217
378 493
355 392
221 355
107 134
146 283
387 462
296 437
276 489
126 363
487 498
269 282
150 310
298 352
21 102
150 480
237 265
202 323
497 499
318 363
37 228
68 83
213 388
45 496
111 219
294 418
156 466
10 245
281 335
5 217
341 406
378 469

67 88
149 321 360 455 495 497 498 499 500 500 500 500 500 500 500 500 500 500 500 500 500 500 500 500 500 500 500 500 500 500 500 500 500 500 500 500 500 500 500 500 500 500 500 500 500 500 500 500 500 500 500 500 500 500 500 500 500 500 500 500 500 500 500 500 500 500 500 
402 446
488 496
236 338
486 499
403 412
286 366
294 345
482 485
220 222
164 247
479 500
120 302
332 381
72 144
137 273
172 235
214 493
245 484
264 343
167 382
353 422
257 287
253 493
402 429
61 409
69 186
471 495
201 382
137 282
380 380
23 283
493 500
267 307
233 258
240 259
162 437
149 287
245 306
168 334
122 207
166 407
207 467
272 438
198 463
494 495
237 461
317 433
48 212
228 228
108 232
30 63
317 486
269 493
479 486
352 479
498 499
269 341
75 204
122 160
411 443
326 380
288 435
458 487
449 491
307 419
299 300
344 480
290 437
168 339
233 456
324 466
489 495
212 271
441 479
297 423
22 234
274 315
153 408
217 230
103 497
111 485
88 293
10 315
423 440
198 395
405 462
248 306
117 158

21 13
402 445 472 496 498 499 499 499 499 499 500 500 500 500 500 500 500 500 500 500 500 
397 486
361 409
292 308
143 196
138 194
85 341
369 454
332 422
250 469
298 321
102 356
411 447
189 238

76 45
214 318 472 500 500 500 500 500 500 500 500 500 500 500 500 500 500 500 500 500 500 500 500 500 500 500 500 500 500 500 500 500 500 500 500 500 500 500 500 500 500 500 500 500 500 500 500 500 500 500 500 500 500 500 500 500 500 500 500 500 500 500 500 500 500 500 500 500 500 500 500 500 500 500 500 500 
349 355
119 140
316 475
58 496
184 375
330 485
248 344
26 244
69 430
21 114
266 365
151 203
436 471
110 300
423 426
73 500
56 214
342 422
476 497
191 248
255 337
410 424
478 489
109 335
462 483
422 429
473 478
354 483
7 53
492 500
262 495
86 160
242 372
222 432
159 351
350 421
215 411
218 333
379 464
369 469
45 48
131 407
349 369
181 230
492 500

97 30
14 462 497 498 500 500 500 500 500 500 500 500 500 500 500 500 500 500 500 500 500 500 500 500 500 500 500 500 500 500 500 500 500 500 500 500 500 500 500 500 500 500 500 500 500 500 500 500 500 500 500 500 500 500 500 500 500 500 500 500 500 500 500 500 500 500 500 500 500 500 500 500 500 500 500 500 500 500 500 500 500 500 500 500 500 500 500 500 500 500 500 500 500 500 500 500 500 
320 346
462 477
284 307
456 457
24 285
391 464
192 456
322 349
151 493
340 368
188 234
439 440
362 482
496 498
181 316
150 374
296 385
389 417
238 418
152 498
343 418
53 235
53 188
131 189
431 477
340 476
434 498
190 498
455 461
208 499

29 41
2 180 472 494 496 498 500 500 500 500 500 500 500 500 500 500 500 500 500 500 500 500 500 500 500 500 500 500 500 
289 291
202 455
452 494
295 368
33 398
171 416
330 443
464 466
252 403
230 250
341 474
373 405
246 391
153 416
50 164
202 480
272 489
212 466
453 496
289 290
266 371
449 449
183 479
456 466
195 298
115 317
189 310
51 218
398 417
61 419
387 451
414 441
380 460
351 401
192 311
327 478
474 483
236 445
449 467
108 130
15 102

30 8
332 499 500 500 500 500 500 500 500 500 500 500 500 500 500 500 500 500 500 500 500 500 500 500 500 500 500 500 500 500 
61 317
338 467
481 500
280 477
209 418
393 394
200 344
392 436

15 14
59 271 271 367 383 387 435 440 483 492 499 499 499 500 500 
106 106
110 146
491 497
427 478
376 497
56 474
183 494
166 308
23 370
340 465
427 447
137 481
465 498
221 434

69 32
54 221 446 465 487 491 491 497 500 500 500 500 500 500 500 500 500 500 500 500 500 500 500 500 500 500 500 500 500 500 500 500 500 500 500 500 500 500 500 500 500 500 500 500 500 500 500 500 500 500 500 500 500 500 500 500 500 500 500 500 500 500 500 500 500 500 500 500 500 
355 441
263 443
387 478
324 453
478 482
378 393
288 479
366 500
232 368
15 24
412 478
150 437
486 498
77 357
13 391
283 341
128 206
324 361
115 487
398 463
86 106
493 496
310 379
183 238
245 379
54 307
424 496
400 432
414 488
343 462
398 457
273 316

70 21
17 293 337 393 397 430 433 458 463 497 499 499 500 500 500 500 500 500 500 500 500 500 500 500 500 500 500 500 500 500 500 500 500 500 500 500 500 500 500 500 500 500 500 500 500 500 500 500 500 500 500 500 500 500 500 500 500 500 500 500 500 500 500 500 500 500 500 500 500 500 
202 359
411 499
39 40
217 452
151 348
162 269
114 385
207 487
347 434
200 309
338 469
349 371
398 409
466 467
97 253
445 482
492 496
204 484
420 489
442 455
112 470

44 6
123 283 378 391 455 496 499 499 499 500 500 500 500 500 500 500 500 500 500 500 500 500 500 500 500 500 500 500 500 500 500 500 500 500 500 500 500 500 500 500 500 500 500 500 
337 433
174 357
330 441
125 245
71 293
7 206

84 54
184 387 403 404 461 473 499 500 500 500 500 500 500 500 500 500 500 500 500 500 500 500 500 500 500 500 500 500 500 500 500 500 500 500 500 500 500 500 500 500 500 500 500 500 500 500 500 500 500 500 500 500 500 500 500 500 500 500 500 500 500 500 500 500 500 500 500 500 500 500 500 500 500 500 500 500 500 500 500 500 500 500 500 500 
388 493
197 412
194 454
483 493
114 243
485 494
76 143
451 471
22 267
433 484
9 412
333 414
332 332
336 487
323 480
186 379
1 494
454 467
362 485
213 394
403 448
57 139
486 495
472 491
63 127
500 500
331 498
94 114
104 487
190 196
426 500
62 349
14 300
356 380
376 408
399 420
200 360
189 460
135 332
354 405
388 439
191 193
55 118
427 468
234 245
48 386
277 483
279 313
22 114
48 378
92 139
130 336
446 474
406 476

23 62
142 177 378 473 478 500 500 500 500 500 500 500 500 500 500 500 500 500 500 500 500 500 500 
56 102
193 211
204 348
234 311
321 459
490 500
390 499
373 490
116 216
230 407
24 474
391 397
403 456
64 469
441 478
490 499
493 496
241 386
273 356
465 491
443 460
232 351
185 427
468 497
131 260
315 480
6 44
334 358
145 281
445 445
24 304
110 479
253 295
215 283
316 380
446 455
178 302
356 500
403 421
231 441
16 396
142 329
384 438
214 355
353 457
267 477
182 351
367 425
168 301
230 233
70 339
83 398
71 476
112 144
50 374
78 235
471 487
82 429
280 421
316 400
200 484
338 447

13 55
229 487 487 488 495 496 499 499 499 500 500 500 500 
58 342
477 483
78 312
109 372
382 423
215 468
477 495
465 477
143 184
16 499
409 455
387 424
30 265
186 424
397 443
209 354
189 462
44 389
106 485
145 152
50 489
163 450
480 486
383 414
302 375
105 487
42 59
454 462
314 490
491 493
403 496
422 483
69 184
348 476
251 281
322 356
325 421
489 498
127 383
303 474
20 38
105 431
44 472
175 495
257 487
378 383
414 487
97 315
212 464
260 298
394 483
203 378
249 447
288 469
114 470

2 39
163 193 
422 495
434 480
436 460
291 446
155 377
56 87
128 320
376 489
316 478
355 381
124 381
330 407
54 301
328 408
10 434
263 420
220 412
70 440
219 479
241 310
326 334
22 465
151 322
481 487
367 466
100 147
343 470
56 339
397 465
243 304
178 490
347 389
350 441
332 332
185 235
194 434
429 481
360 382
248 291

40 60
53 161 185 248 307 459 485 498 499 499 500 500 500 500 500 500 500 500 500 500 500 500 500 500 500 500 500 500 500 500 500 500 500 500 500 500 500 500 500 500 
414 430
71 452
405 455
493 500
120 340
476 497
87 425
327 493
396 466
346 428
156 445
391 425
400 468
206 426
375 436
81 233
398 438
271 491
322 475
435 472
79 467
433 472
102 278
111 172
248 317
421 423
495 495
269 410
104 317
305 487
330 496
494 496
8 172
384 419
432 483
250 429
205 252
294 385
275 410
86 463
244 366
77 489
304 346
104 227
20 473
100 311
26 219
242 395
237 431
76 153
151 475
294 301
222 479
483 484
448 476
251 466
141 368
450 475
133 387
65 462

16 62
177 186 307 435 459 472 477 490 497 497 497 498 499 499 500 500 
295 325
253 274
240 383
322 443
252 316
218 300
161 491
332 405
488 496
206 393
453 460
397 492
33 137
400 448
378 445
120 194
185 233
101 469
250 365
52 207
242 435
134 412
295 438
110 159
440 496
244 401
256 373
116 222
19 293
107 408
199 230
421 489
71 230
119 313
49 103
309 373
500 500
122 422
346 486
340 485
66 337
120 181
287 481
320 472
389 470
44 495
85 308
196 326
108 391
366 448
215 441
408 444
207 369
430 485
207 224
93 142
381 498
347 461
148 228
42 94
400 463
474 482

10 73
35 295 403 423 464 483 486 496 497 499 
130 274
10 432
499 500
125 138
53 276
423 435
446 483
206 215
20 221
203 424
425 433
326 499
25 424
4 454
318 395
140 229
177 281
244 497
151 453
351 377
378 478
263 271
464 481
6 62
373 438
398 431
253 347
468 493
241 497
440 453
286 354
234 345
469 497
352 419
159 198
205 237
10 156
235 456
377 433
119 182
77 136
160 449
132 255
318 476
317 406
185 301
238 401
359 374
126 250
308 383
40 392
385 437
116 352
77 343
410 463
263 429
317 318
366 457
439 447
484 499
89 428
492 498
238 365
158 312
499 500
233 253
272 370
21 476
372 439
31 289
108 370
451 488
244 438

57 69
118 222 264 467 469 475 498 498 498 498 500 500 500 500 500 500 500 500 500 500 500 500 500 500 500 500 500 500 500 500 500 500 500 500 500 500 500 500 500 500 500 500 500 500 500 500 500 500 500 500 500 500 500 500 500 500 500 
54 149
66 226
392 447
395 484
65 117
34 193
464 465
229 298
119 318
86 431
111 369
410 464
162 279
129 408
435 478
94 417
373 438
446 494
260 343
438 454
125 466
224 379
167 257
380 466
364 371
339 460
115 159
437 453
309 441
361 409
457 466
267 355
369 380
268 460
403 415
236 240
262 500
6 341
155 300
419 475
236 257
10 395
245 458
325 385
296 405
388 465
33 186
496 499
473 478
392 402
350 417
71 389
18 317
417 431
401 449
332 344
421 457
404 491
379 493
116 193
56 444
285 422
419 456
493 499
247 448
187 477
498 500
453 471
99 229

28 16
178 317 330 437 470 498 498 499 500 500 500 500 500 500 500 500 500 500 500 500 500 500 500 500 500 500 500 500 
176 246
489 496
350 448
271 436
56 89
119 259
411 488
155 387
425 475
475 481
128 294
285 290
428 467
149 472
232 288
279 478

88 57
90 262 433 436 478 487 499 500 500 500 500 500 500 500 500 500 500 500 500 500 500 500 500 500 500 500 500 500 500 500 500 500 500 500 500 500 500 500 500 500 500 500 500 500 500 500 500 500 500 500 500 500 500 500 500 500 500 500 500 500 500 500 500 500 500 500 500 500 500 500 500 500 500 500 500 500 500 500 500 500 500 500 500 500 500 500 500 500 
305 349
89 97
271 337
493 499
66 432
197 279
382 496
185 378
71 434
69 481
334 412
209 233
97 279
305 353
238 396
100 171
464 494
80 458
440 474
257 474
52 59
451 492
81 304
377 451
309 432
152 334
498 498
172 173
332 405
287 398
91 100
126 411
61 137
120 161
303 495
363 439
451 476
379 492
273 307
300 415
371 462
229 415
395 465
26 415
276 296
197 396
50 338
273 291
35 341
342 454
295 354
89 175
363 465
215 287
295 321
405 469
431 479

21 16
8 279 322 406 434 465 496 497 500 500 500 500 500 500 500 500 500 500 500 500 500 
468 477
377 433
195 463
488 493
33 67
23 278
484 495
98 131
340 393
151 386
336 336
125 490
66 87
222 435
171 425
444 473

77 61
260 459 492 499 500 500 500 500 500 500 500 500 500 500 500 500 500 500 500 500 500 500 500 500 500 500 500 500 500 500 500 500 500 500 500 500 500 500 500 500 500 500 500 500 500 500 500 500 500 500 500 500 500 500 500 500 500 500 500 500 500 500 500 500 500 500 500 500 500 500 500 500 500 500 500 500 500 
79 362
59 205
72 346
132 273
332 458
442 442
329 427
370 385
4 257
90 219
420 424
281 398
482 492
237 255
246 486
405 455
423 472
5 497
296 491
284 385
120 376
263 281
489 497
103 360
21 400
241 395
372 498
92 396
126 347
278 413
403 489
499 499
184 308
343 406
306 316
139 253
4 219
391 456
266 354
83 197
212 423
157 231
432 462
432 448
119 127
452 495
261 293
344 386
121 471
461 500
460 471
463 472
100 136
397 441
100 419
315 394
131 406
289 398
130 328
319 378
388 496

22 26
384 488 493 494 498 499 499 499 499 499 500 500 500 500 500 500 500 500 500 500 500 500 
280 303
124 222
264 358
286 479
476 491
226 424
327 423
307 473
286 465
200 336
34 243
455 469
286 415
490 492
139 285
94 328
20 359
210 388
200 219
422 469
470 491
396 429
361 365
20 458
146 460
59 96

89 99
363 410 435 469 485 490 499 499 499 499 499 500 500 500 500 500 500 500 500 500 500 500 500 500 500 500 500 500 500 500 500 500 500 500 500 500 500 500 500 500 500 500 500 500 500 500 500 500 500 500 500 500 500 500 500 500 500 500 500 500 500 500 500 500 500 500 500 500 500 500 500 500 500 500 500 500 500 500 500 500 500 500 500 500 500 500 500 500 500 
38 269
91 204
120 210
463 493
361 394
272 338
273 399
68 217
7 262
299 438
155 285
295 385
358 479
112 147
453 458
158 342
219 405
59 397
184 258
227 246
118 173
86 442
5 405
28 133
496 496
166 334
302 334
37 98
440 451
248 460
31 474
424 460
15 416
181 245
303 393
469 485
222 400
481 492
76 467
58 235
423 488
287 314
133 181
432 451
161 476
29 490
159 296
220 482
156 394
110 412
303 323
97 426
59 459
91 433
344 481
356 358
298 449
17 313
51 350
259 327
35 429
318 445
308 421
90 97
494 495
407 474
362 444
287 370
198 268
210 342
483 497
131 390
396 472
170 233
95 405
138 487
157 240
43 375
42 432
155 290
466 466
202 282
324 385
202 352
467 490
270 338
460 496
51 418
293 305
383 478
263 265
141 422
137 412
412 446
74 184
192 358
321 487
370 492
383 485

59 71
301 399 457 498 498 500 500 500 500 500 500 500 500 500 500 500 500 500 500 500 500 500 500 500 500 500 500 500 500 500 500 500 500 500 500 500 500 500 500 500 500 500 500 500 500 500 500 500 500 500 500 500 500 500 500 500 500 500 500 
379 400
26 143
307 415
444 444
495 498
213 442
294 342
424 457
498 500
134 408
423 442
225 320
274 405
465 475
393 419
382 485
204 285
448 455
198 327
337 407
419 454
404 444
389 492
150 174
449 495
70 467
488 498
103 156
102 218
193 399
97 352
474 476
436 483
291 337
30 377
69 463
302 434
25 289
57 85
175 186
272 291
247 359
433 484
122 388
122 416
60 405
344 348
182 456
183 396
302 485
256 354
448 452
414 437
483 498
57 181
323 360
461 464
118 461
372 384
347 365
149 313
488 495
271 411
17 318
306 468
128 141
35 98
441 450
73 241
433 470
15 137

67 96
358 494 498 498 498 499 499 500 500 500 500 500 500 500 500 500 500 500 500 500 500 500 500 500 500 500 500 500 500 500 500 500 500 500 500 500 500 500 500 500 500 500 500 500 500 500 500 500 500 500 500 500 500 500 500 500 500 500 500 500 500 500 500 500 500 500 500 
472 479
8 194
481 497
261 377
123 267
6 113
429 463
83 270
59 230
31 37
57 96
282 283
479 485
489 497
435 455
396 495
387 455
28 370
3 372
453 458
262 324
95 266
119 255
346 354
381 405
465 482
474 496
258 322
68 304
357 443
297 470
497 500
194 433
427 447
46 315
109 498
142 320
416 454
229 438
332 350
338 480
42 49
131 187
285 454
175 356
347 390
342 358
327 335
410 453
217 222
119 288
14 382
67 124
261 288
79 454
81 367
102 117
130 219
22 276
476 492
191 320
333 371
409 493
217 427
48 241
461 497
117 195
248 256
19 126
256 462
291 331
81 368
250 294
155 421
27 320
147 221
262 445
290 452
52 104
330 420
88 378
410 446
410 461
364 489
211 488
218 220
280 358
265 455
181 387
375 380
363 445
174 255
29 444
448 466
199 391
31 198

58 93
31 458 460 465 473 492 499 500 500 500 500 500 500 500 500 500 500 500 500 500 500 500 500 500 500 500 500 500 500 500 500 500 500 500 500 500 500 500 500 500 500 500 500 500 500 500 500 500 500 500 500 500 500 500 500 500 500 500 
446 461
448 462
45 149
3 168
104 398
315 328
495 500
417 479
388 459
321 418
289 344
463 477
85 150
435 439
396 496
229 288
190 190
140 255
36 275
448 486
232 494
105 355
62 422
239 282
348 448
257 318
328 476
319 329
228 344
189 306
121 163
41 424
452 482
457 460
454 477
300 427
282 444
62 335
444 465
166 427
282 401
496 498
305 365
2 116
184 359
17 144
31 91
146 168
437 499
4 218
195 413
358 449
91 335
495 499
11 105
450 455
91 469
127 374
471 490
411 477
101 225
345 404
342 421
500 500
308 415
355 436
208 246
431 461
344 385
314 431
291 298
461 463
68 346
203 344
35 444
330 439
407 491
281 491
334 343
447 499
264 427
386 492
91 364
248 264
311 377
124 396
274 362
297 298
308 455
86 92
171 238
215 332
3 271

10 83
231 371 484 488 489 499 499 500 500 500 
477 491
348 446
200 215
3 167
199 438
47 398
468 481
38 110
168 386
475 475
174 236
362 364
348 391
218 234
115 155
125 360
210 291
265 456
291 360
301 471
172 272
138 286
311 347
131 373
156 379
338 392
169 260
293 401
76 187
150 173
44 211
309 336
223 325
14 30
100 252
262 436
207 483
24 315
218 344
378 383
43 460
475 491
302 496
462 470
143 307
106 265
100 486
36 314
434 476
415 457
269 349
146 173
263 346
346 370
184 213
267 453
3 408
360 441
418 474
468 496
191 401
243 481
404 424
112 459
438 461
147 468
317 379
393 452
110 332
20 437
405 418
118 303
262 310
125 290
69 204
447 492
247 409
402 498
29 315
288 320
241 260
123 447
26 260

17 78
307 485 489 499 499 500 500 500 500 500 500 500 500 500 500 500 500 
84 373
73 217
481 495
75 379
3 416
218 336
293 464
413 462
331 469
485 498
309 371
291 306
270 271
481 497
250 421
400 458
426 465
102 172
429 498
207 353
465 468
474 499
21 126
112 270
457 500
176 313
210 285
282 386
249 270
157 389
48 497
223 477
325 338
481 491
459 467
254 303
18 449
50 344
151 475
366 444
386 411
149 455
209 388
187 390
267 347
78 93
65 67
241 402
238 267
297 494
215 245
108 252
285 417
396 408
323 361
259 338
326 431
174 436
407 482
344 375
314 451
356 458
63 269
196 477
47 268
241 469
477 484
458 466
107 278
363 393
294 377
136 480
372 383
302 380
109 135
388 460
260 460
397 469

13 4
213 409 458 461 491 494 494 497 497 498 499 500 500 
383 405
138 388
283 380
61 495

98 37
138 320 455 494 497 497 498 498 499 500 500 500 500 500 500 500 500 500 500 500 500 500 500 500 500 500 500 500 500 500 500 500 500 500 500 500 500 500 500 500 500 500 500 500 500 500 500 500 500 500 500 500 500 500 500 500 500 500 500 500 500 500 500 500 500 500 500 500 500 500 500 500 500 500 500 500 500 500 500 500 500 500 500 500 500 500 500 500 500 500 500 500 500 500 500 500 500 500 
340 362
382 481
452 497
454 468
296 296
177 187
431 485
333 463
403 479
63 66
424 468
390 496
388 446
193 483
341 425
302 415
20 236
390 489
201 357
354 424
276 451
44 458
97 378
250 309
126 255
329 414
287 326
336 447
358 470
320 335
313 384
99 367
229 454
258 385
174 467
241 294
336 492

60 98
262 462 475 486 490 497 499 500 500 500 500 500 500 500 500 500 500 500 500 500 500 500 500 500 500 500 500 500 500 500 500 500 500 500 500 500 500 500 500 500 500 500 500 500 500 500 500 500 500 500 500 500 500 500 500 500 500 500 500 500 
16 424
115 316
170 226
317 457
409 420
385 480
491 499
62 113
79 79
358 476
94 397
172 301
118 439
484 484
446 484
356 389
142 496
465 495
25 229
494 496
334 360
197 483
248 492
30 235
105 312
112 437
107 416
24 119
449 481
158 237
257 308
330 440
304 460
425 495
464 470
386 452
426 448
126 252
472 484
19 63
178 311
290 451
240 450
370 433
77 418
444 492
356 494
13 107
301 408
336 343
121 212
375 472
389 455
468 499
42 47
136 352
85 423
482 486
182 438
214 312
89 303
290 429
189 257
187 456
376 482
116 286
489 490
234 420
43 113
183 425
299 471
232 341
354 396
268 464
195 494
99 301
131 386
126 386
371 480
309 366
391 432
23 102
315 485
187 269
282 402
300 336
390 466
214 269
222 399
158 261
186 327
354 397
282 482
351 482
2 259
395 465
211 332
464 475

52 93
465 475 483 495 498 500 500 500 500 500 500 500 500 500 500 500 500 500 500 500 500 500 500 500 500 500 500 500 500 500 500 500 500 500 500 500 500 500 500 500 500 500 500 500 500 500 500 500 500 500 500 500 
459 491
77 78
238 470
325 422
138 283
440 453
474 481
343 400
208 368
346 450
483 483
158 415
304 412
86 166
328 375
359 429
201 230
497 499
451 493
283 329
128 489
244 454
320 423
131 144
46 492
131 441
205 388
194 247
83 453
475 495
443 496
191 480
11 249
361 364
204 455
284 422
452 499
282 339
148 326
346 468
181 227
134 313
457 468
321 445
271 416
215 380
148 478
372 402
53 81
474 496
151 253
275 414
94 116
430 494
317 448
253 399
470 499
60 349
446 481
398 486
3 181
63 168
131 437
121 126
322 332
252 449
351 497
122 310
417 437
39 247
336 414
308 346
18 424
3 383
70 268
202 335
91 450
17 64
438 498
116 219
6 224
223 406
488 489
39 395
164 187
16 473
480 495
457 493
457 489
386 411
49 274
273 303
23 477

38 77
155 195 203 346 358 391 436 459 486 492 499 499 500 500 500 500 500 500 500 500 500 500 500 500 500 500 500 500 500 500 500 500 500 500 500 500 500 500 
336 465
148 362
416 422
42 97
94 175
37 174
396 470
58 300
137 428
492 492
176 388
457 463
478 500
361 390
326 491
357 407
164 389
330 429
223 344
67 180
108 123
216 283
119 196
117 291
217 459
439 476
370 374
437 483
253 314
269 409
83 352
84 457
481 491
304 366
486 499
311 426
217 281
116 186
233 398
49 414
283 418
237 330
51 445
93 221
336 378
126 415
296 461
165 369
60 278
372 486
180 228
74 485
277 460
181 380
121 427
223 472
278 432
344 461
464 491
467 490
299 396
75 473
384 389
177 419
194 249
66 461
469 471
439 460
426 448
330 419
485 496
141 323
479 479
301 332
319 460
106 495
499 499

39 10
235 472 472 477 492 496 500 500 500 500 500 500 500 500 500 500 500 500 500 500 500 500 500 500 500 500 500 500 500 500 500 500 500 500 500 500 500 500 500 
301 468
173 453
397 433
392 473
341 410
269 301
412 432
129 491
495 498
149 311

31 68
119 465 466 472 478 492 496 499 500 500 500 500 500 500 500 500 500 500 500 500 500 500 500 500 500 500 500 500 500 500 500 
431 487
125 245
236 282
437 470
6 390
49 338
68 421
133 471
198 376
127 201
451 493
26 378
335 336
265 392
237 452
18 391
187 228
53 456
215 238
231 349
441 492
15 325
304 412
254 484
20 172
438 492
478 497
189 204
291 409
357 397
129 414
115 435
81 126
90 170
118 361
206 333
9 58
214 251
25 289
101 373
396 473
203 302
195 314
244 414
208 355
5 352
277 333
135 477
453 480
50 295
455 500
101 327
282 375
349 491
26 466
308 327
95 450
299 388
55 340
110 128
356 438
142 223
261 401
378 476
213 412
362 455
283 500
333 420

73 32
402 490 493 494 497 498 498 500 500 500 500 500 500 500 500 500 500 500 500 500 500 500 500 500 500 500 500 500 500 500 500 500 500 500 500 500 500 500 500 500 500 500 500 500 500 500 500 500 500 500 500 500 500 500 500 500 500 500 500 500 500 500 500 500 500 500 500 500 500 500 500 500 500 
392 444
214 222
36 400
199 343
295 336
70 146
454 497
244 280
112 408
331 374
383 414
334 480
84 435
365 379
259 273
104 327
240 474
407 444
496 497
380 485
392 407
481 485
21 40
119 245
387 458
177 318
9 384
320 451
290 484
100 345
336 475
238 292

88 54
14 394 466 479 480 480 489 489 492 496 499 499 500 500 500 500 500 500 500 500 500 500 500 500 500 500 500 500 500 500 500 500 500 500 500 500 500 500 500 500 500 500 500 500 500 500 500 500 500 500 500 500 500 500 500 500 500 500 500 500 500 500 500 500 500 500 500 500 500 500 500 500 500 500 500 500 500 500 500 500 500 500 500 500 500 500 500 500 
105 145
269 424
286 394
274 463
303 440
101 118
347 457
152 361
289 371
335 463
399 421
223 415
393 427
133 298
492 497
31 136
417 475
399 421
246 363
438 464
266 382
170 388
388 499
290 324
343 494
413 424
150 420
167 463
245 274
301 445
435 490
357 430
366 469
498 498
214 214
415 493
286 395
231 370
483 490
437 440
308 467
107 488
141 246
191 413
13 415
3 355
227 421
13 455
209 226
496 499
150 325
355 358
407 429
340 439

91 16
438 497 500 500 500 500 500 500 500 500 500 500 500 500 500 500 500 500 500 500 500 500 500 500 500 500 500 500 500 500 500 500 500 500 500 500 500 500 500 500 500 500 500 500 500 500 500 500 500 500 500 500 500 500 500 500 500 500 500 500 500 500 500 500 500 500 500 500 500 500 500 500 500 500 500 500 500 500 500 500 500 500 500 500 500 500 500 500 500 500 500 
85 140
54 420
289 489
285 360
315 418
488 499
261 365
460 500
36 408
433 434
337 455
29 264
53 108
352 374
451 462
174 488

10 24
165 393 483 492 492 496 499 499 500 500 
98 351
198 489
399 478
338 366
225 369
24 494
105 287
376 472
401 462
367 461
317 378
199 382
403 444
417 447
205 470
411 415
280 439
166 376
337 399
477 479
58 354
180 186
158 299
97 260

33 24
443 473 481 482 483 489 495 496 497 498 500 500 500 500 500 500 500 500 500 500 500 500 500 500 500 500 500 500 500 500 500 500 500 
180 221
96 296
238 465
47 149
74 118
247 444
201 399
279 463
75 169
405 462
414 435
24 441
279 421
249 460
84 155
350 370
404 433
429 436
320 376
383 388
275 342
226 379
155 322
356 493

28 64
436 488 500 500 500 500 500 500 500 500 500 500 500 500 500 500 500 500 500 500 500 500 500 500 500 500 500 500 
38 145
130 463
402 470
14 58
210 311
309 368
160 418
11 373
286 421
405 492
496 500
369 476
152 383
71 110
464 483
444 478
440 444
396 410
16 176
132 339
213 381
368 471
371 473
359 401
494 496
207 392
489 490
431 469
7 476
399 452
208 304
409 464
210 297
119 284
153 194
230 421
308 498
379 394
268 477
47 80
255 436
243 485
443 454
385 420
115 487
218 465
150 362
276 322
461 489
36 154
38 282
407 422
125 449
204 256
451 454
16 111
467 470
328 385
269 432
280 414
349 414
324 356
377 466
103 169

28 76
240 480 494 496 496 500 500 500 500 500 500 500 500 500 500 500 500 500 500 500 500 500 500 500 500 500 500 500 
191 263
417 481
346 471
370 374
339 431
111 462
22 356
269 312
448 478
323 464
382 483
96 148
345 440
100 127
99 263
356 485
63 302
50 100
20 140
400 498
270 482
480 497
113 270
475 484
363 427
196 252
35 131
37 73
458 489
283 400
181 205
134 469
220 366
338 387
217 240
143 358
486 487
480 483
241 359
329 423
306 377
336 442
186 468
21 75
420 435
106 305
451 463
312 425
89 177
277 369
275 323
251 490
139 312
214 421
355 457
212 362
241 338
390 431
144 421
317 425
163 335
144 148
50 399
2 345
99 460
472 492
332 358
407 433
376 428
462 463
147 273
169 377
481 489
478 495
423 496
435 454

