40
53141 85267 68653 77606 5014 60782 139 6254 30836 62540 93959 8619 34054 49662 87702 78011 39106 21952 50033 68085 56842 7943 61064 40132 75298 77857 89161 89912 30577 3015 89147 11341 42895 58555 47893 86486 3989 31417 63117 32427 







40
8384 750 45490 99376 2257 76881 16065 77438 58260 33230 97755 17619 18415 13938 19520 79697 71229 87190 13692 76315 10419 57226 85501 49312 15352 56741 5241 90859 52906 88185 13212 78434 32394 3876 15697 19962 97054 8179 21016 64752 
40
35728 31884 67683 29159 77692 49924 95336 12579 70440 62749 85150 16802 12015 91245 46731 39902 79836 6129 1125 71204 4760 58304 91579 9131 11121 84212 81242 52457 80475 39600 61531 30767 91331 21419 11724 9679 8636 24334 63062 21226 
40
36187 82812 22469 25751 57684 52071 60242 8426 6904 49531 51538 94522 11673 77618 61903 95344 3464 58605 95267 86745 52672 89818 61617 65133 3869 46670 92232 89515 82097 43377 14403 5905 82882 47861 28491 32972 45703 70311 25 61620 
40
12326 61316 37644 38723 43350 84195 77699 89278 66260 4326 36885 9769 76757 45856 27990 95759 39325 45358 1527 24565 42313 84984 65947 34866 77053 54766 76651 75265 48303 33879 38280 86875 98462 31681 50248 97780 7503 67755 22971 86055 
40
56901 5141 30829 86372 8027 10179 61094 26912 28362 45740 19933 32500 60565 9094 65263 42467 59958 50929 54096 47224 10068 48557 92283 29208 28324 47149 67262 27656 88482 13831 49146 43836 64100 70405 52552 16950 98076 97738 31367 59959 
40
82631 48541 29209 93946 49638 29481 21331 88184 87358 22176 44004 43999 82425 90994 23444 14149 4100 53717 63536 40983 61702 15069 40513 58076 42926 36108 8782 81990 83046 70712 37446 7566 68087 95114 89271 50496 83981 31981 99882 38683 
40
13364 63038 60815 80458 19420 69545 30718 92787 64069 34352 46285 96536 24798 66856 65581 63387 88744 89229 21897 17102 87492 89405 10754 76767 60964 64984 67908 33540 99458 73088 31490 89422 58436 57370 98601 41611 99884 2975 86919 10217 
40
22752 67247 62464 4132 1280 46237 37177 13348 46182 23832 62163 70515 26171 84843 34661 64104 60396 92337 77382 15456 59378 21712 59460 10388 53557 96523 17872 44481 44815 45939 21831 9953 42094 12489 69204 81785 52493 68370 33238 36043 
40
95463 46074 17809 70940 84288 36534 92747 83556 56205 78583 12627 31731 4682 59461 95772 71620 23092 92017 53358 61397 29685 11920 5255 40079 48011 72497 26030 85484 44454 72003 20753 26426 71477 1586 64406 48742 20089 93052 8184 34560 
40
59341 8599 17673 59461 18795 93432 54789 79118 96149 83195 15606 95898 60485 73852 6687 28090 30798 57574 38793 57998 16436 48899 93684 54045 7365 82195 38228 83593 93553 1032 61260 88585 90288 1947 66850 13980 86383 49516 97484 40792 
40
79380 77802 73716 45417 91569 3108 77495 52462 1495 19049 26891 80222 14334 50214 5582 98625 35137 79857 12800 72867 20037 14934 75689 49066 81024 26041 92147 67595 9628 39447 3060 96777 88605 69409 66788 86487 57576 89851 28844 1361 
40
97055 81353 51991 9029 70232 41225 40932 45060 93026 43481 19394 46458 53110 74079 62351 57049 32972 23595 40520 92401 27359 52890 8397 35179 66109 63613 50536 46890 70726 1042 95451 59141 50395 50054 21304 39369 32243 35072 86527 28207 
40
74558 36019 20498 93579 63681 32512 76646 7332 61015 24703 54585 83615 12096 48878 82873 23465 71790 52351 80951 25753 58465 38169 23030 81965 99373 97526 92210 14049 74908 55302 8949 46261 56808 93500 46732 64354 19804 42608 7413 34969 
40
67790 53901 81094 56149 76395 39997 46780 54357 52608 14955 6059 60004 91531 56318 77250 1312 84365 82781 82770 10206 3430 96666 79150 31677 41823 28425 61143 75131 56244 13187 80023 36842 30732 52193 55818 61568 58225 60248 24371 54193 
40
43259 86959 24711 53794 13204 60677 80159 26777 1113 1686 30581 50031 1286 38041 83195 52544 65474 44427 77267 70169 7455 74880 65518 85775 16340 81971 70290 31092 12408 69211 46116 20635 21545 47168 92424 53204 96732 95832 62212 39178 
40
1327 55554 63223 22210 41326 19493 60095 40257 54310 99502 92461 6724 48297 9349 82283 20940 61858 67236 56182 30450 29112 77043 50657 86567 83035 70271 5316 27704 15505 4230 41878 89771 87899 85498 83720 55428 21051 23779 69934 18341 
40
88122 63209 46652 95497 63567 71441 66791 75549 23634 98236 86373 36016 28733 96612 18268 97684 15118 63254 98738 80211 9572 7093 3227 15961 94638 87313 48401 59233 63193 88807 1224 7824 80970 75171 8390 58156 63135 42439 47249 40340 
40
50546 4938 62351 78825 59529 99478 20054 66042 54694 58470 61430 89696 38794 59232 88165 34012 84908 14104 43371 97861 67971 19566 27540 98406 98405 82068 69504 40163 84149 30382 63317 17676 63537 90872 77972 53728 80645 82132 29575 7643 
40
65525 58443 36469 8251 96485 9027 91830 97303 13342 16853 88811 78763 68198 34007 56763 22903 91728 50314 83791 12159 78751 80564 90447 73151 82611 3913 20794 62083 12532 5639 34578 74686 18748 45002 65456 72173 19217 22104 84314 47029 
40
69067 44609 65288 50885 2526 67094 71793 11288 75128 90987 11062 90123 43374 49917 84033 8271 25747 41593 43570 6777 46825 11095 96429 5969 44489 90525 41427 74160 24358 98803 9565 40584 40899 82229 49924 33467 32459 12776 17195 41951 
40
1769 93333 55305 96223 95088 52533 78386 34497 79851 5620 95496 66160 6172 2764 64885 40017 48931 63088 26077 94664 36585 86738 45700 28938 52263 21078 50395 60857 97039 30762 42130 58336 58737 32477 67652 12006 61746 88644 11638 42523 
40
44135 44354 30522 69757 27714 47127 87409 57715 53064 56077 30242 33631 75359 60221 25577 52737 58396 24780 42635 64226 77867 16352 20659 81787 23001 49702 34387 36123 3857 61466 85967 58685 35599 54104 40206 74374 89343 89289 98986 35952 
40
17521 61373 1546 17057 11500 68050 22646 40215 93054 36929 16587 51606 33518 45678 87614 14671 90497 46682 77965 16486 70558 27800 18079 94188 64693 39734 97821 76505 7660 30226 42951 64550 24964 84286 5420 38221 90887 2887 3605 24336 
40
75371 58704 4324 24646 18442 73160 73586 41010 37616 54135 69503 36475 73034 31207 88729 95276 97102 14889 73527 79417 96249 77171 12053 72390 56960 56788 17268 77697 64420 27316 54677 98700 5826 63071 44583 7504 64163 89973 38032 10019 
40
17478 80230 41002 17949 90073 23302 24132 24521 37749 67607 57765 16797 11587 4067 76927 48951 10096 1016 39021 89201 99438 82242 8106 18019 99148 67517 82932 26231 56890 55043 23206 386 34742 61558 39412 52452 84759 11091 7155 98319 
40
9515 73543 16637 84647 97703 13311 23410 7652 73992 19643 13737 60501 91475 13888 85625 6743 94267 27334 1551 73870 42474 41724 25973 95627 41615 13455 27200 60735 6757 97725 79372 25646 95530 55400 8370 12315 60808 84076 93606 33226 
40
43672 28619 48336 61416 96177 49269 94331 44802 51717 34552 63920 47168 10585 73520 76016 29353 40613 2140 33484 93532 15410 78795 7523 74407 72309 56269 60819 63561 34403 75783 70487 19020 26762 10856 6829 6633 72462 10847 71464 86429 
40
63408 31524 87636 20401 25760 72075 52975 70724 11017 15465 72485 90403 83170 50968 49957 53657 22523 71230 10378 33418 67752 98360 65367 12960 2351 16672 63199 31351 35375 60010 38842 96325 30039 49176 38938 4084 78296 57809 69880 24001 
40
92601 42366 46577 40416 85964 67674 41928 79145 78146 64682 10394 93076 27083 92200 34842 81955 57065 85190 60698 77062 26563 6080 37530 6465 34799 50855 82750 60894 85208 54580 52764 49390 26029 61133 96120 15432 84699 63586 63934 27895 
40
65215 16427 65879 86552 96786 16321 88779 99676 24739 68757 53892 96362 49659 18478 56671 82875 44118 59495 42948 51489 47891 37487 51262 54585 77567 47171 91021 48402 51031 73177 44891 24777 9592 92246 26354 24633 31845 14100 3229 38656 
40
84331 56672 60090 42520 28173 37980 81352 50177 85322 73049 93563 78972 2904 57648 17440 11168 7679 53955 22353 85032 36364 89581 43083 88411 15382 27640 62882 37925 58155 30526 47803 2675 75564 6602 36574 66593 48768 73785 66881 82915 
40
84701 21326 43511 88918 56357 31369 40658 53474 95570 73809 85093 16669 7667 46999 22484 84208 47298 87844 10666 33533 95846 63532 5463 16992 6316 7867 98967 60429 81167 6818 89765 39717 38797 26933 85495 69865 27445 75247 51016 72093 
40
13486 79234 65295 57407 14806 86459 65986 60392 53658 19855 48253 67559 5236 20209 80359 85558 76835 77543 25675 39137 63205 34781 40619 88592 17535 24895 79785 65994 42103 30107 9322 47217 90184 52558 25143 16964 73091 68986 76638 83282 
40
53125 1556 92081 16336 53308 99307 35208 89547 55290 72334 37373 9130 30354 72830 86568 75231 42811 80943 69636 49613 57229 83711 90272 82874 37546 27413 53643 69002 50006 65528 2174 79396 57553 22880 36340 73450 98227 42463 79569 87738 
40
40608 29721 68046 57256 36945 57437 9736 58648 38357 92135 18167 97629 67956 71032 6915 32045 25931 74194 67343 29939 65361 44103 9593 34181 67538 77715 59912 56900 45023 44623 69736 50680 44123 19424 18386 71844 4375 79635 22900 90369 
40
33438 45898 63311 97259 79366 12593 25580 29532 72852 89251 40157 8561 76324 30691 91911 37022 55484 22771 34442 53871 51815 86585 46154 69476 92759 97974 27200 65820 2224 6932 24803 825 11149 53733 90045 21396 73264 77316 43107 10686 
40
6468 30952 52428 99367 61735 33832 45744 10725 55606 75132 77291 64162 51742 73342 15380 30514 37876 96812 75050 70264 44223 53002 43688 91626 50566 80697 32545 55842 375 71481 89029 73400 82295 40801 32246 22384 38383 97790 58532 67228 
40
97317 81619 88640 91105 87751 60051 67860 11415 86572 25184 80502 89642 64427 12375 43497 63339 28878 21446 56634 22082 13616 55284 99508 16927 32877 87298 47535 63455 8915 43816 11125 21312 43967 12975 43796 6616 5972 68217 75725 92125 
40
61264 40383 15916 11304 7625 81516 58961 75515 65676 49258 94260 40715 49576 88878 6065 7724 94352 72534 66132 42727 7810 85897 12063 47527 96677 60482 54568 7809 26343 41793 37141 31111 9969 13731 46589 67657 35274 96997 59403 89399 
40
42646 90485 61960 46751 61161 68041 3686 35528 45871 25003 69468 29025 27094 35069 15537 25881 22203 88730 62881 2118 78107 10233 10269 50737 92923 75244 12430 46151 68335 84507 11383 86327 18876 98395 71774 3879 87542 68864 68371 7029 
40
79261 73162 94261 86809 40276 10063 63748 12972 61817 11090 83398 97590 58569 13794 4032 83343 54257 43126 97381 83709 77722 12308 9968 39451 21029 76015 91585 89664 61875 92245 98124 32054 54999 8226 29816 92748 99568 63265 78498 66250 
40
67545 59431 27391 5983 21428 30273 39934 33945 98169 15930 43891 39054 4347 31275 28923 70480 13782 56851 31176 89465 38891 16122 61716 54019 15471 18792 2183 85829 2139 32970 54806 6696 30136 68630 1402 64076 80951 7392 660 81513 
40
78412 51611 2425 76313 94324 85976 50081 4253 64504 13484 4528 32260 71327 11808 16761 55147 39246 16092 8559 68412 48047 17507 11546 67910 37402 79364 44486 72141 83195 66967 29892 93916 54626 6644 58771 92627 83972 82101 69889 4510 
40
71722 59096 45724 97765 91648 9234 9623 52574 57474 61261 73236 97647 21911 61139 6981 65034 40010 14589 23176 85849 50393 16613 1100 5884 97697 28669 16267 26458 8214 25087 56532 59084 18580 17838 42992 44136 2329 73806 18486 58843 
40
84400 72639 526 63798 90801 61373 81598 16167 49241 44957 34798 43023 83327 58565 72669 43674 37058 49244 65779 67896 97438 60543 90770 88327 43854 327 15878 35311 68142 67898 71616 19856 6725 6057 92405 7622 84667 92139 54584 19266 
40
58866 30287 7994 14127 68178 37592 82958 65764 58560 99127 85171 50400 32406 19807 49209 68358 26752 41387 3228 3862 7262 64857 6313 61175 27349 74443 33154 34401 21667 40259 34092 31577 47554 12589 63109 70359 41413 41805 27452 38861 
40
82969 97421 11427 7864 68552 5786 94131 4065 40562 24688 32357 40621 23953 87110 79163 68148 8609 69164 35789 25004 63279 74659 19929 63312 79341 30602 59140 59723 71594 3156 16573 17427 98192 62844 78664 88 9403 64513 36751 96567 
40
77146 2057 19763 9800 71576 85049 93699 2312 12803 91122 27636 15405 25697 29786 90212 23811 90254 72733 69246 54793 86233 55406 10250 80768 19656 94353 14323 19465 89276 9839 24262 63295 67917 96252 42798 91152 78420 28006 85910 96303 
40
59680 54646 13204 32556 87212 58700 21026 47441 97485 70171 71002 35877 48560 47044 16610 88102 73353 46575 93454 50897 73702 15990 46972 63007 42365 23696 5396 47266 60185 34257 41815 11051 83278 6819 64620 9923 96251 8837 93860 40386 
40
50686 76764 27773 71076 11489 22433 39589 42021 77916 93170 15369 87016 67031 73019 85319 63254 67298 87586 86077 26661 48780 65603 7456 21401 62526 94521 32353 26949 6000 52592 57223 32005 36082 80413 53626 30884 80149 49831 39358 73201 
40
85919 67042 52620 99808 42439 24570 43611 76766 12548 7040 91426 70690 29364 13467 20392 16786 84241 18001 9636 10353 45144 92268 62734 36325 11374 41786 65583 41759 968 35790 62309 11818 24650 34685 45873 16128 3390 21702 33275 64051 
40
8583 779 15310 61678 80111 66632 56360 64975 55642 93168 78270 44956 12093 89978 49778 28888 43927 47762 58316 67484 23259 7303 49970 70924 98596 62742 80810 36239 85500 37359 69633 56353 71469 67398 12622 99693 81953 35255 51530 94433 
40
68456 53413 34162 24950 78651 50016 30330 32583 28285 77118 75896 46480 16845 59594 31329 64734 14587 37845 66553 88833 51073 80168 91117 44673 7177 85281 28955 82689 86967 19770 69315 11172 35439 69250 55128 36852 92436 23663 14308 69858 
40
33383 51091 83537 91617 1466 75235 19894 83652 63056 30523 56102 32595 9294 53266 86309 60878 88372 71492 94238 60425 59994 44199 16062 91703 20746 67554 59765 59023 1577 12609 97243 33413 65279 6799 70406 97958 58423 1866 94889 4777 
40
73452 61057 36007 17325 31981 89229 14665 48101 13050 89470 28080 79197 96489 1207 28703 98727 38073 80836 53663 35931 28173 6854 9037 93934 23429 14403 91505 70533 63104 42186 77064 66817 62153 10706 20806 78743 4289 36056 74704 5883 
40
59638 16841 10151 43900 76360 49607 62667 55896 50346 63851 75762 80432 67166 81327 15846 78500 33750 66554 11990 50963 67640 68369 78672 79180 54952 98318 9069 50875 74738 45779 2352 98017 79347 28069 95880 56754 59048 20369 30050 86088 
40
13313 78177 92532 96783 18793 50028 43934 6577 86163 72541 56177 97183 88280 93422 15602 46465 77849 98535 54199 8182 79336 30897 20738 31603 22383 60088 48439 55684 6565 16862 33522 87428 46617 7771 96168 8067 31439 12934 61563 99916 
40
49911 50467 20767 89760 57502 81464 57016 16333 30767 16115 4398 89677 51622 40366 55761 57699 64832 70929 62834 53691 87069 39330 43261 83348 17815 47576 27072 23777 32734 70134 59365 93967 5774 75785 42978 54673 33007 19923 38926 21606 
40
37311 238 1081 5565 88770 55555 43305 59280 32098 43848 99353 4462 23904 36306 22657 83798 76487 8966 85774 22114 90033 73633 751 9551 36747 90417 31107 97765 8329 7122 89930 29472 52116 66628 96437 97120 69098 83918 16432 79866 
40
30744 57178 8847 36773 92539 17362 3368 41132 96350 51371 69942 10733 53632 53607 94543 20531 15509 26311 12665 83470 32892 71519 52399 89258 36651 22460 74070 29293 44240 55353 72242 98665 42457 53109 12640 22289 83950 8688 94722 26449 
40
84704 65836 84736 37691 31806 17262 89228 41698 46312 60012 43528 12156 75429 65942 77750 252 37382 50200 56926 53044 4735 69776 18056 71986 89791 39645 69049 83574 25428 10187 48333 82006 80002 84574 44730 90818 91748 49563 30401 51187 
40
393 89546 50550 48571 96524 35072 87404 38370 74284 19620 88367 32389 57970 19081 10393 91606 7377 8508 23900 43741 94339 80612 59922 37953 98301 47731 30092 37063 22769 85210 93577 63512 39080 18010 12782 6994 27806 49258 61558 77558 
40
67756 40541 3405 21041 32279 49942 3414 46448 17829 95801 90874 47075 8546 58389 86482 17829 11699 38971 2835 35333 57905 11418 50813 26308 63184 29782 97633 1577 58649 73253 62900 69844 36682 33300 75436 94924 99250 8735 95555 89118 
40
66196 55641 79993 10175 48342 57513 92468 79146 17982 47529 38093 30965 12287 7975 8085 26419 49637 37965 93404 35791 52299 42524 48159 11195 42179 62588 61442 34450 60095 61098 25652 35612 10631 12080 69933 33459 86187 44001 38965 88586 
40
38569 36972 54010 52657 18765 54518 3985 95093 29751 221 53634 21603 58544 9743 51001 88360 38504 54025 60004 57824 91056 63224 22940 69704 44742 18747 21761 72714 56590 98220 93460 47857 19979 4000 74234 88782 70546 59168 6994 62166 
40
2643 50750 18821 68994 67308 11859 9305 49030 30212 14866 55979 866 78263 37664 40917 97414 56317 55596 3692 16901 51856 32558 40137 24914 80169 76465 88133 79514 31283 10596 43362 81686 69982 9595 14038 706 33458 32810 45833 99942 
40
62597 70609 24596 12321 73121 84115 23461 54951 96637 95445 19705 61444 83776 41316 13913 1984 87894 64216 98483 53939 95259 22745 50444 83635 23537 27492 24191 68204 85705 90609 92775 9083 83745 95045 16766 99898 24125 62344 59608 51148 
40
48231 21480 62454 94986 39601 19501 50573 64167 30956 93179 9451 76343 31472 36385 33894 41075 10128 49227 52367 8841 17223 56199 59583 30982 62266 34808 60302 65894 55330 11593 9478 31816 53836 49081 55249 21397 92705 60169 57905 4276 
40
47197 6543 46237 82957 86777 50510 24433 36898 78314 70163 28506 21897 51125 45002 89325 86429 852 57308 29629 95458 27387 88715 35238 15373 68201 2040 27105 22857 76068 81673 67304 82777 55946 59424 40663 60726 99217 75944 16086 21909 
40
12558 511 25306 40614 56080 24747 10497 44163 71627 29742 20021 33525 39846 52319 52290 7801 10625 31683 48172 80194 11661 76998 83714 82664 32767 61195 50034 20529 92858 73549 20703 12317 84666 98628 61402 43756 43989 81500 79134 56303 
40
3102 99855 23141 6315 22608 22679 54571 67746 41436 13206 59558 1138 74283 34595 49534 25668 47543 1678 91494 84041 27478 494 15835 39054 33273 72460 54363 42043 13951 7462 93537 52513 84573 17460 91734 66398 99724 84708 93133 20710 
40
30256 27709 52889 57616 20078 90855 39564 26556 70317 13130 36343 2897 61667 7076 92593 42702 75765 43625 25914 61993 3345 76598 87462 99691 88289 96382 88069 28653 11213 75274 93245 70001 35207 32372 71256 14930 13093 10593 482 64879 
40
79277 12897 79113 57988 67160 15325 47857 647 48069 39285 14871 98252 6961 23282 93622 87884 80699 365 86743 43400 22014 39386 72058 59253 29802 63692 4886 53156 42954 21600 23948 94127 25630 48855 28138 42442 24213 72132 66822 48401 
40
76045 5677 75306 21451 77766 2884 52926 74473 61876 41000 77229 67615 31588 68073 79307 47650 3206 4111 23760 81493 43312 49373 60803 9205 84678 14925 11792 22231 10811 36562 96931 95055 89398 2030 85392 42882 56753 12118 16391 33447 
40
17838 9398 82543 97121 45507 45747 91401 81293 13973 89002 41976 44322 6305 70803 45230 79294 58103 2391 22220 59308 84039 28285 51274 47265 73552 86084 58776 51598 79239 72995 58885 70168 94256 629 53724 83572 9573 22265 88087 29564 
40
44668 63026 66109 54314 49942 69370 14701 37156 59076 83033 18118 86571 904 25517 88986 86255 84003 26846 3149 71252 68487 77786 12956 21974 13937 66907 72615 53769 54282 94059 13809 73157 13159 50795 52079 39985 86621 47106 16290 24225 
40
20581 7960 58621 60143 901 59055 81511 79494 72705 20817 47945 83365 77259 14301 57603 49700 48801 28023 84364 34090 70786 81387 59480 32403 2386 25689 36791 86579 3332 33896 82856 48024 3103 86994 14914 78133 52340 21663 84394 99363 
40
96415 5033 91679 14923 73840 30921 71087 44701 66331 71872 53577 37610 45218 40484 24469 81082 98632 53925 2154 88869 48802 16995 34794 42837 97712 70236 16540 82847 62516 40256 72925 52994 55083 67627 93768 62969 93241 8922 41648 61013 
40
115 45900 79623 82542 22914 58153 77932 82139 92416 73235 13300 72198 35674 4875 23754 39708 43843 64778 52710 66344 70425 39755 29728 90709 71441 98458 58990 50646 18465 2038 58650 4208 21794 12275 1763 93457 63271 34932 58521 43700 
40
37621 89096 3019 93581 82326 7658 46514 36396 55013 64566 76553 91996 82716 55590 87226 94319 30430 64860 95400 64704 5013 26682 82136 47513 14556 12415 20328 17180 45712 80731 97644 35599 88910 11341 43816 88307 88467 94375 62703 52505 
40
41367 61316 56751 20973 15246 50014 16480 35818 42613 71990 67126 94673 65874 43263 46420 17082 4463 62825 97073 9980 74551 95041 5872 67941 89720 45277 51481 6810 80820 55796 24077 82228 70472 5452 8055 12907 59974 64155 84979 33471 
40
69387 32354 97884 78107 90393 59816 63564 29984 66759 11239 85744 26257 62817 86825 37636 744 88296 47843 54468 9990 48922 30492 39914 4778 70210 8119 31732 35213 21823 58130 90061 14120 79100 49687 95793 65671 84216 21262 5709 62149 
40
52148 56749 24644 57565 78970 45273 97360 45903 78441 61197 72737 11439 4228 14913 6820 32748 62750 28051 61801 56017 2895 4989 79663 78643 82415 2401 31324 62325 5017 54167 91750 86376 61045 21223 62873 58330 95245 4038 33672 62262 
40
16377 30219 52276 2562 23104 32079 3756 95964 11227 77394 74189 2970 24257 95671 3219 22860 23246 93345 88676 80976 32453 75067 23421 16196 22037 71618 58713 93790 56866 52173 70554 78679 51906 53245 40506 31329 55581 73096 70876 78448 
40
82800 28934 4496 74395 66656 24772 22696 5758 80866 3893 13313 83934 41987 35710 12754 98892 71968 13321 63153 49330 75837 74019 69664 18665 33544 97893 88648 7804 86433 28068 39282 51736 17749 27100 87812 35602 12542 32191 92114 90218 
40
13582 93891 89562 24716 27432 97041 81912 36481 14269 20065 95054 67854 76133 90742 24486 86315 75018 45335 95784 49703 17844 62250 57364 21098 1596 66591 4180 97048 44477 69161 47272 75949 69907 16723 41148 77482 92912 46337 97020 8505 
40
31374 19444 16709 27847 42207 24727 4199 48165 91387 22117 83416 28722 96155 23618 76819 36963 18145 19821 24300 35306 47656 95549 86310 42425 30845 74142 21964 93758 18435 22969 45038 6301 22938 62537 42799 39321 50906 15323 17904 51005 
40
75141 31178 79936 93357 67075 93191 11548 25740 82189 17882 90575 31640 36587 16566 97523 29113 35466 27342 25149 46724 44788 43460 93749 66555 83326 66257 49700 99712 32339 33872 80931 24057 98443 30308 86967 82810 25353 78023 70289 77703 
40
6649 92692 61325 59595 60668 26154 66651 62085 67312 82877 25529 84494 50809 22025 35835 79560 11683 20416 48233 79621 58103 45326 85119 11528 61310 29718 7198 99020 57325 57744 63166 5576 39091 76384 32158 53294 23209 26269 33247 79253 
40
70794 5103 7730 77438 16004 78624 88514 17723 55780 28233 9045 50915 23451 25050 77665 46782 75873 17705 45732 10503 50995 19468 71998 4438 67598 70019 87594 7768 77198 32243 68525 25954 98736 97383 92290 8584 63824 78866 72508 34798 
